640 6400
1 5 78
1 20 84
1 38 66
1 59 7
1 72 52
1 78 57
1 135 37
1 143 81
1 149 28
1 189 2
1 197 29
1 233 99
1 277 28
1 381 10
1 422 28
1 525 98
1 537 11
1 583 85
2 8 46
2 21 32
2 50 93
2 77 43
2 127 3
2 137 52
2 149 73
2 150 60
2 185 25
2 231 98
2 303 88
2 326 10
2 377 63
2 383 29
2 401 47
2 411 80
2 415 29
2 447 71
2 490 74
2 521 95
2 540 15
2 557 100
2 583 21
2 618 75
3 9 63
3 33 65
3 48 26
3 88 76
3 102 93
3 193 48
3 215 39
3 224 17
3 362 79
3 402 40
3 407 96
3 408 56
3 409 72
3 429 96
3 469 83
3 551 23
3 556 67
3 601 85
3 622 58
4 55 96
4 62 35
4 75 66
4 113 31
4 129 78
4 138 14
4 145 47
4 151 32
4 155 91
4 192 63
4 248 12
4 261 61
4 283 7
4 294 95
4 447 85
4 453 17
4 487 23
4 504 62
4 527 57
5 21 76
5 34 35
5 93 30
5 111 97
5 124 3
5 153 78
5 196 14
5 220 41
5 262 77
5 268 30
5 279 87
5 299 66
5 340 90
5 349 42
5 352 28
5 406 43
5 486 82
5 492 55
5 501 10
5 523 7
5 541 10
5 550 33
5 555 82
5 560 89
6 24 61
6 32 79
6 70 4
6 94 39
6 120 93
6 188 38
6 205 33
6 232 8
6 241 56
6 285 45
6 315 74
6 331 27
6 336 94
6 340 28
6 419 1
6 443 77
6 490 17
6 491 26
6 506 69
6 543 47
6 589 84
7 36 20
7 62 21
7 149 12
7 157 12
7 169 31
7 233 24
7 247 99
7 276 35
7 320 70
7 390 10
7 406 47
7 413 42
7 442 50
7 464 80
7 551 35
7 588 67
7 589 77
7 598 34
8 15 77
8 43 25
8 52 96
8 53 88
8 59 28
8 74 8
8 75 89
8 84 19
8 98 82
8 119 79
8 129 40
8 146 18
8 306 51
8 346 99
8 351 15
8 461 38
8 496 61
8 551 29
8 587 42
8 591 42
8 637 74
9 70 72
9 92 59
9 103 78
9 113 55
9 138 74
9 154 87
9 162 39
9 186 70
9 188 99
9 244 24
9 306 7
9 338 16
9 461 73
9 486 20
9 499 3
9 528 79
9 537 22
9 556 69
9 557 2
9 564 35
9 580 86
9 606 66
10 11 20
10 14 60
10 34 84
10 43 80
10 52 5
10 54 48
10 61 56
10 76 58
10 101 4
10 114 77
10 139 11
10 146 38
10 185 70
10 205 25
10 206 20
10 207 20
10 259 21
10 262 57
10 276 53
10 288 66
10 289 89
10 311 97
10 321 55
10 339 86
10 437 35
10 440 88
10 477 15
10 503 32
10 525 77
10 537 74
10 557 72
10 565 54
10 617 11
10 638 90
11 22 89
11 29 35
11 36 42
11 37 5
11 69 96
11 108 56
11 127 63
11 143 47
11 212 58
11 239 9
11 248 10
11 266 2
11 283 97
11 307 59
11 329 6
11 332 91
11 351 49
11 431 3
11 444 20
11 483 11
11 540 81
11 570 1
11 589 33
11 598 65
11 601 97
12 21 75
12 26 99
12 27 2
12 124 68
12 130 100
12 144 53
12 149 96
12 191 1
12 223 72
12 309 2
12 311 21
12 325 29
12 361 81
12 437 60
12 478 98
12 538 92
12 560 80
12 578 53
12 579 96
12 596 21
12 628 20
13 17 36
13 22 94
13 74 59
13 101 8
13 137 13
13 149 46
13 287 65
13 299 71
13 302 35
13 325 1
13 352 50
13 384 52
13 421 47
13 432 67
13 443 77
13 566 22
13 591 58
13 623 46
14 16 92
14 44 23
14 110 88
14 156 70
14 208 31
14 280 38
14 328 14
14 366 96
14 396 55
14 429 25
14 443 59
14 599 28
14 616 92
14 636 77
15 27 42
15 47 80
15 50 25
15 60 93
15 74 35
15 100 2
15 142 61
15 154 85
15 190 22
15 238 67
15 273 75
15 303 24
15 378 83
15 384 86
15 414 34
15 430 93
15 443 82
15 459 93
15 577 94
15 594 67
15 623 8
15 630 39
15 634 19
16 73 12
16 110 32
16 153 23
16 189 61
16 243 3
16 251 2
16 258 44
16 276 82
16 298 55
16 334 81
16 340 6
16 346 19
16 350 58
16 395 81
16 396 18
16 434 6
16 468 19
16 510 79
16 524 44
16 529 81
16 586 16
16 614 10
16 623 66
17 58 34
17 78 42
17 80 95
17 104 87
17 141 25
17 149 90
17 197 58
17 239 7
17 269 69
17 339 20
17 412 63
17 477 87
17 517 46
17 526 51
17 544 45
17 552 80
17 566 70
18 41 87
18 46 12
18 61 58
18 79 33
18 101 63
18 107 30
18 148 14
18 187 12
18 213 51
18 215 70
18 240 4
18 243 2
18 252 21
18 267 9
18 273 22
18 298 89
18 318 59
18 322 20
18 407 24
18 412 8
18 427 47
18 475 69
18 488 92
18 537 29
18 546 2
18 598 43
19 81 65
19 109 56
19 128 87
19 150 68
19 169 43
19 200 71
19 230 37
19 285 5
19 380 92
19 394 90
19 425 37
19 483 62
19 484 50
19 499 9
19 537 41
19 540 49
19 543 7
19 551 62
19 605 7
19 609 42
20 112 97
20 150 56
20 155 49
20 196 23
20 248 5
20 254 78
20 277 57
20 279 37
20 282 6
20 312 91
20 315 42
20 365 7
20 367 95
20 368 13
20 374 14
20 423 38
20 440 15
20 444 58
20 463 34
20 481 88
20 533 16
20 536 96
20 562 93
21 106 7
21 133 74
21 197 61
21 211 51
21 247 6
21 261 84
21 271 14
21 306 18
21 317 88
21 345 22
21 348 94
21 364 62
21 371 89
21 385 54
21 475 55
21 493 55
21 514 17
21 583 99
21 604 58
21 620 37
22 26 41
22 61 48
22 74 22
22 88 26
22 158 65
22 169 30
22 174 51
22 252 6
22 270 89
22 303 73
22 314 96
22 415 70
22 422 56
22 431 22
22 457 26
22 530 66
22 556 94
22 573 9
22 595 78
23 80 82
23 91 80
23 143 18
23 146 18
23 178 14
23 204 88
23 210 31
23 214 46
23 246 70
23 268 76
23 272 17
23 280 60
23 379 70
23 389 61
23 421 32
23 424 3
23 436 60
23 440 3
23 497 8
23 509 36
23 528 75
23 538 63
23 567 78
24 45 11
24 67 89
24 173 88
24 189 28
24 252 49
24 253 10
24 280 41
24 291 69
24 316 26
24 339 81
24 345 19
24 385 66
24 416 24
24 517 69
24 541 44
24 554 97
24 615 94
24 627 2
25 104 62
25 111 37
25 117 20
25 136 59
25 144 92
25 159 53
25 201 65
25 269 57
25 275 84
25 277 90
25 295 53
25 334 60
25 367 100
25 387 47
25 462 37
25 478 95
25 518 32
25 582 24
25 591 62
25 596 56
25 609 83
25 611 94
25 625 71
26 32 23
26 116 52
26 143 76
26 150 60
26 192 47
26 196 67
26 207 24
26 208 99
26 234 87
26 264 49
26 310 94
26 343 53
26 377 44
26 456 52
26 466 80
26 467 90
26 484 75
26 508 49
26 544 57
26 579 31
26 584 79
26 595 36
26 624 94
27 69 14
27 90 25
27 109 22
27 176 14
27 186 96
27 220 18
27 284 2
27 376 25
27 398 72
27 404 91
27 409 99
27 448 93
27 454 85
27 463 90
27 478 26
27 529 65
27 563 69
27 565 58
27 574 35
27 584 12
28 33 17
28 49 29
28 111 83
28 149 39
28 168 12
28 221 22
28 290 99
28 303 47
28 348 47
28 357 36
28 372 97
28 394 83
28 457 3
28 481 27
28 503 43
28 576 49
28 590 19
29 30 90
29 48 38
29 95 27
29 118 50
29 145 11
29 149 77
29 168 25
29 202 8
29 206 75
29 218 49
29 250 100
29 263 49
29 281 41
29 304 86
29 306 20
29 310 34
29 318 40
29 364 63
29 373 6
29 382 33
29 395 82
29 615 36
30 34 75
30 65 50
30 102 87
30 106 12
30 111 10
30 113 74
30 122 70
30 163 98
30 204 11
30 229 75
30 279 60
30 289 3
30 293 51
30 409 53
30 425 73
30 485 12
30 511 49
30 539 5
30 546 62
30 586 9
31 59 27
31 60 75
31 73 18
31 74 3
31 84 19
31 117 10
31 123 23
31 128 6
31 179 78
31 183 90
31 220 32
31 225 35
31 238 8
31 277 33
31 315 39
31 331 12
31 345 54
31 353 97
31 397 1
31 409 90
31 522 57
31 547 10
31 587 54
32 33 57
32 34 11
32 95 12
32 234 28
32 253 29
32 278 87
32 279 84
32 286 30
32 298 59
32 337 32
32 369 28
32 410 12
32 447 31
32 486 84
32 539 7
32 556 12
32 569 44
32 591 99
32 610 43
33 76 89
33 77 82
33 92 39
33 112 100
33 234 53
33 261 97
33 263 79
33 272 48
33 336 28
33 364 61
33 411 9
33 549 27
33 610 95
34 111 98
34 115 29
34 135 11
34 215 14
34 221 83
34 255 22
34 293 48
34 311 33
34 331 6
34 361 66
34 381 18
34 437 7
34 438 72
34 460 93
34 474 60
34 476 12
34 499 8
34 541 24
35 96 59
35 125 91
35 156 66
35 265 92
35 322 88
35 327 30
35 337 78
35 382 63
35 392 42
35 430 8
35 435 24
35 436 16
35 438 80
35 458 87
35 473 63
35 474 24
35 498 71
35 512 68
35 585 75
35 599 58
35 602 53
36 56 40
36 109 89
36 128 53
36 227 29
36 263 20
36 294 18
36 324 50
36 338 55
36 365 80
36 392 73
36 399 98
36 409 7
36 419 91
36 422 73
36 430 65
36 449 31
36 500 54
36 535 25
36 596 38
36 0 97
37 50 21
37 52 23
37 54 96
37 95 5
37 99 98
37 133 26
37 163 83
37 201 41
37 207 7
37 215 3
37 247 6
37 285 37
37 289 24
37 306 94
37 378 47
37 493 95
37 501 45
37 527 53
37 639 27
38 43 34
38 76 57
38 111 100
38 224 77
38 310 30
38 397 74
38 466 73
38 480 86
38 501 91
38 514 54
38 551 23
38 552 21
38 590 10
38 602 28
39 43 30
39 86 53
39 114 21
39 146 2
39 151 30
39 158 81
39 174 58
39 199 89
39 202 68
39 203 39
39 244 64
39 303 88
39 324 60
39 543 54
39 564 44
40 86 51
40 111 82
40 125 19
40 126 47
40 132 82
40 136 63
40 164 82
40 166 57
40 169 37
40 215 19
40 223 10
40 232 81
40 258 80
40 265 27
40 267 57
40 275 78
40 371 38
40 403 25
40 411 32
40 427 59
40 463 69
40 464 53
40 467 58
40 481 17
40 490 89
40 500 72
40 588 4
41 51 85
41 55 47
41 86 88
41 129 39
41 195 26
41 204 82
41 239 1
41 267 7
41 269 84
41 295 89
41 344 53
41 393 72
41 444 84
41 472 31
41 484 86
41 576 38
41 592 84
42 58 24
42 93 83
42 133 93
42 181 59
42 204 35
42 222 32
42 238 46
42 297 76
42 367 80
42 400 82
42 458 36
42 472 58
42 489 70
42 522 100
42 533 81
42 570 25
42 598 88
42 620 60
43 67 53
43 74 56
43 112 73
43 113 61
43 114 16
43 121 23
43 124 99
43 190 26
43 204 5
43 262 23
43 266 52
43 347 88
43 384 90
43 388 77
43 409 26
43 416 45
43 449 37
43 452 98
43 455 26
43 470 40
43 484 24
43 541 75
43 544 77
43 582 34
43 587 62
43 631 59
44 76 97
44 98 81
44 149 91
44 155 64
44 169 35
44 172 40
44 231 44
44 304 94
44 361 99
44 383 77
44 397 67
44 414 53
44 415 18
44 421 25
44 498 49
44 508 58
44 520 34
44 587 88
45 82 49
45 84 58
45 152 98
45 227 76
45 277 77
45 295 54
45 298 59
45 383 64
45 399 78
45 412 75
45 420 64
45 427 11
45 429 81
45 440 58
45 548 21
45 593 28
45 604 43
45 609 34
45 618 96
46 243 100
46 276 38
46 303 34
46 305 82
46 308 89
46 310 9
46 326 82
46 505 2
46 528 58
46 541 60
46 571 32
46 629 7
46 631 96
46 636 69
47 59 89
47 70 39
47 86 97
47 102 68
47 138 43
47 174 43
47 186 86
47 201 90
47 236 14
47 283 16
47 293 66
47 308 33
47 310 47
47 324 89
47 376 85
47 414 12
47 422 89
47 457 2
47 465 100
47 470 4
47 512 93
47 584 92
47 623 44
47 0 84
48 60 67
48 65 64
48 68 59
48 72 45
48 105 87
48 153 57
48 161 1
48 180 31
48 183 48
48 299 73
48 313 23
48 349 7
48 367 44
48 382 67
48 400 56
48 410 97
48 469 59
48 522 61
48 571 56
48 580 95
49 130 81
49 149 69
49 238 72
49 254 38
49 341 49
49 352 9
49 383 61
49 392 70
49 409 39
49 420 31
49 424 42
49 469 66
49 526 18
49 538 28
49 547 68
49 563 71
49 577 34
49 586 13
49 605 63
50 80 62
50 107 71
50 196 33
50 212 47
50 302 40
50 486 14
50 515 73
50 551 37
50 589 22
50 602 14
50 631 43
50 632 50
51 78 70
51 110 9
51 111 58
51 117 78
51 127 12
51 177 81
51 188 39
51 227 42
51 267 65
51 275 49
51 344 78
51 406 18
51 457 56
51 466 76
51 477 69
51 488 57
51 499 69
51 514 21
51 538 88
51 559 82
51 609 49
51 628 26
52 79 67
52 92 13
52 98 72
52 120 14
52 153 72
52 249 75
52 268 6
52 326 72
52 432 66
52 472 12
52 509 65
52 530 24
52 564 43
52 568 21
52 590 99
53 89 70
53 106 46
53 127 13
53 144 32
53 147 27
53 184 29
53 186 49
53 200 37
53 267 17
53 295 56
53 320 68
53 332 85
53 346 9
53 357 9
53 363 69
53 385 52
53 426 92
53 438 18
53 449 29
53 477 95
53 502 78
53 507 17
53 551 8
53 577 88
53 587 92
53 602 24
54 392 64
54 402 20
54 410 65
54 436 83
54 489 4
54 501 61
54 520 79
54 581 4
54 605 5
54 606 3
54 622 31
55 73 17
55 87 35
55 135 38
55 144 40
55 161 23
55 183 93
55 218 24
55 265 54
55 266 45
55 289 34
55 298 25
55 327 80
55 341 25
55 387 66
55 405 87
55 541 43
55 554 68
55 559 99
55 592 13
56 128 15
56 132 51
56 169 10
56 173 79
56 188 33
56 190 95
56 193 23
56 195 65
56 197 29
56 204 36
56 261 46
56 276 36
56 301 79
56 324 82
56 359 47
56 367 77
56 373 30
56 395 2
56 402 6
56 451 84
56 468 41
56 480 22
56 551 23
56 578 10
56 600 81
56 620 96
56 636 86
57 99 89
57 113 58
57 149 57
57 172 42
57 218 72
57 259 54
57 301 47
57 310 4
57 350 99
57 387 25
57 429 39
57 459 79
57 465 60
57 495 81
57 515 89
57 554 97
57 571 8
57 624 83
57 631 40
58 66 79
58 113 82
58 123 47
58 143 16
58 152 16
58 191 86
58 218 14
58 243 75
58 245 67
58 263 14
58 306 34
58 348 18
58 369 55
58 408 23
58 458 34
58 521 24
58 527 80
58 561 64
58 585 38
58 616 26
58 636 81
59 68 95
59 89 19
59 99 71
59 131 14
59 213 84
59 220 14
59 235 95
59 332 59
59 355 81
59 362 16
59 420 18
59 454 24
59 472 51
59 485 1
59 528 55
59 529 4
59 579 37
60 62 92
60 66 28
60 130 23
60 132 85
60 137 79
60 139 91
60 154 87
60 169 20
60 170 99
60 233 26
60 250 1
60 336 72
60 347 100
60 352 73
60 383 35
60 423 52
60 451 81
60 523 22
60 527 82
60 558 70
60 608 79
60 611 15
60 626 98
61 67 8
61 78 88
61 137 72
61 148 62
61 155 70
61 173 55
61 197 48
61 198 6
61 201 65
61 209 79
61 271 58
61 289 57
61 304 6
61 320 21
61 372 94
61 486 5
61 516 74
61 527 19
61 559 36
61 567 95
61 574 91
61 577 18
61 618 5
62 67 59
62 100 3
62 119 58
62 162 85
62 166 61
62 168 36
62 177 62
62 246 35
62 261 46
62 263 80
62 308 99
62 321 84
62 363 97
62 376 76
62 387 76
62 429 20
62 519 79
62 555 7
62 565 48
62 569 52
62 617 46
63 90 81
63 112 25
63 217 36
63 251 21
63 259 16
63 266 72
63 273 63
63 321 48
63 325 53
63 351 31
63 404 48
63 406 7
63 428 80
63 457 11
63 544 63
63 587 47
63 633 96
64 97 71
64 150 21
64 166 51
64 188 57
64 203 84
64 230 55
64 233 33
64 255 76
64 305 58
64 326 36
64 385 71
64 400 54
64 404 4
64 417 89
64 453 33
64 466 46
64 477 63
64 493 63
64 592 21
64 635 11
65 73 37
65 74 99
65 76 86
65 88 18
65 97 53
65 101 35
65 124 56
65 134 37
65 137 11
65 282 73
65 294 30
65 314 50
65 338 11
65 347 72
65 385 37
65 392 75
65 413 81
65 421 94
65 463 87
65 489 69
65 522 90
65 565 70
65 573 64
65 579 64
65 607 1
65 630 9
66 72 37
66 133 26
66 137 31
66 143 21
66 201 42
66 239 81
66 305 88
66 480 62
66 481 96
66 483 59
66 490 39
66 499 59
66 546 39
66 580 90
66 627 26
67 71 67
67 102 60
67 141 87
67 165 57
67 180 52
67 250 69
67 254 73
67 269 4
67 297 18
67 358 60
67 363 9
67 435 18
67 453 73
67 503 95
67 505 61
67 615 13
67 622 30
68 143 12
68 208 48
68 210 25
68 225 75
68 237 86
68 280 67
68 288 56
68 291 67
68 299 68
68 307 9
68 320 94
68 356 59
68 368 70
68 382 80
68 396 32
68 408 76
68 411 24
68 413 22
68 464 36
68 486 76
68 547 67
68 608 70
68 629 58
69 70 46
69 207 62
69 229 51
69 236 73
69 260 55
69 306 88
69 316 16
69 341 62
69 379 2
69 424 29
69 539 38
69 541 50
69 601 56
70 124 24
70 208 74
70 235 84
70 372 98
70 381 58
70 396 9
70 466 22
70 474 26
70 477 36
70 569 46
70 573 15
70 609 67
70 624 47
71 169 42
71 170 55
71 207 68
71 296 30
71 326 72
71 450 25
71 539 95
71 540 68
71 592 46
71 606 54
71 639 69
72 157 12
72 192 30
72 239 83
72 301 92
72 323 9
72 330 50
72 336 56
72 344 17
72 378 57
72 414 9
72 444 67
72 451 6
72 478 14
72 555 36
72 638 64
72 0 30
73 92 17
73 97 28
73 215 72
73 249 87
73 284 58
73 298 69
73 319 54
73 326 50
73 349 28
73 450 81
73 493 41
73 498 41
73 564 75
73 571 9
73 631 33
74 105 45
74 122 53
74 144 95
74 147 50
74 149 40
74 213 27
74 225 9
74 287 21
74 397 92
74 410 97
74 443 98
74 458 85
74 528 87
74 545 36
74 577 81
75 115 88
75 186 25
75 199 4
75 206 87
75 252 3
75 258 92
75 293 52
75 314 36
75 326 32
75 335 32
75 347 51
75 397 39
75 462 46
75 485 53
75 493 6
75 540 62
75 566 71
75 580 6
75 591 3
75 604 53
76 125 56
76 162 100
76 197 69
76 212 62
76 243 58
76 244 91
76 293 10
76 330 66
76 363 74
76 415 29
76 446 98
76 468 87
76 499 73
76 503 8
76 517 8
76 589 71
77 107 83
77 112 94
77 157 9
77 164 74
77 228 86
77 336 84
77 364 2
77 410 10
77 555 49
77 564 55
77 639 92
77 0 45
78 106 25
78 115 7
78 134 83
78 177 33
78 183 4
78 199 19
78 232 40
78 265 11
78 280 44
78 292 39
78 345 38
78 393 56
78 418 88
78 431 87
78 489 53
78 565 42
78 597 81
78 604 92
79 85 95
79 111 8
79 158 71
79 161 2
79 162 6
79 196 77
79 198 50
79 222 6
79 241 5
79 285 60
79 317 49
79 350 16
79 379 18
79 411 41
79 414 9
79 439 49
79 454 88
79 493 52
79 520 79
79 592 19
79 600 61
79 602 55
79 639 8
80 123 29
80 159 11
80 206 28
80 226 37
80 254 98
80 256 63
80 272 80
80 290 23
80 396 8
80 409 58
80 417 95
80 474 84
80 498 82
80 523 84
80 626 92
81 148 9
81 205 50
81 229 8
81 239 4
81 240 29
81 283 53
81 307 81
81 309 8
81 344 49
81 371 77
81 419 83
81 427 55
81 459 8
81 489 98
81 504 64
81 554 6
81 576 68
81 594 52
81 601 17
81 605 95
81 612 42
81 638 88
82 113 17
82 128 82
82 163 53
82 170 5
82 224 90
82 226 35
82 263 65
82 311 70
82 329 2
82 334 79
82 342 53
82 346 99
82 353 4
82 358 80
82 361 97
82 366 20
82 446 10
82 452 43
82 462 29
82 488 3
82 509 15
82 627 2
82 637 70
83 88 15
83 95 97
83 143 70
83 188 21
83 230 40
83 237 47
83 239 84
83 248 98
83 266 100
83 330 77
83 338 44
83 395 27
83 415 12
83 430 22
83 497 41
83 524 48
83 535 10
83 573 94
83 596 99
84 109 66
84 124 83
84 138 55
84 144 34
84 153 48
84 199 11
84 229 97
84 231 85
84 237 75
84 262 100
84 336 42
84 348 99
84 358 78
84 359 19
84 368 51
84 371 22
84 379 73
84 418 33
84 458 14
84 565 55
84 568 96
85 122 37
85 124 52
85 157 4
85 180 61
85 287 59
85 308 51
85 331 23
85 409 93
85 475 100
85 494 92
85 504 68
85 511 43
85 547 52
85 578 16
85 613 50
85 614 94
86 112 19
86 169 68
86 205 90
86 219 16
86 246 89
86 263 27
86 279 16
86 288 9
86 307 95
86 328 37
86 419 71
86 455 64
86 476 63
86 572 86
86 590 54
87 141 52
87 162 30
87 197 71
87 220 72
87 237 62
87 269 84
87 379 36
87 389 20
87 399 12
87 418 92
87 431 33
87 537 84
87 561 57
87 583 7
87 591 34
87 597 7
88 127 78
88 145 52
88 186 12
88 210 40
88 241 38
88 300 74
88 310 89
88 393 57
88 621 29
88 630 46
88 0 71
89 123 75
89 229 11
89 276 88
89 385 46
89 386 20
89 395 91
89 418 54
89 446 69
89 462 81
89 539 78
89 549 100
89 587 55
89 623 93
89 628 34
90 96 91
90 110 85
90 136 49
90 197 4
90 213 97
90 251 66
90 283 13
90 340 35
90 357 63
90 420 31
90 421 4
90 452 63
90 454 81
90 506 58
90 532 70
91 118 36
91 143 78
91 149 43
91 161 21
91 212 47
91 225 26
91 230 26
91 239 35
91 264 80
91 273 61
91 286 85
91 403 53
91 417 12
91 423 29
91 454 88
91 464 17
91 474 88
91 478 70
91 480 30
91 482 63
91 484 76
91 494 68
91 546 33
91 574 22
91 627 28
92 107 92
92 186 52
92 191 51
92 239 81
92 321 95
92 330 90
92 457 59
92 460 90
92 514 67
92 528 94
92 550 82
92 553 65
92 564 2
92 578 69
92 604 32
93 98 26
93 115 82
93 171 27
93 205 33
93 215 88
93 263 44
93 279 14
93 307 13
93 449 23
93 499 53
93 502 26
93 517 78
93 583 52
93 597 13
93 630 20
94 108 55
94 171 29
94 172 43
94 211 2
94 213 41
94 308 74
94 309 24
94 324 61
94 362 67
94 471 35
94 530 50
94 578 11
94 604 12
94 608 32
94 625 43
95 99 76
95 139 64
95 144 50
95 146 23
95 252 32
95 296 59
95 326 50
95 359 18
95 391 84
95 429 30
95 470 50
95 521 52
96 221 77
96 243 33
96 253 96
96 295 69
96 327 1
96 403 53
96 480 95
96 507 92
96 514 5
96 547 89
96 554 40
96 570 81
96 578 21
96 611 20
96 620 72
97 99 11
97 131 77
97 142 49
97 177 84
97 227 29
97 229 14
97 285 16
97 310 20
97 311 16
97 449 49
97 455 49
97 457 63
97 514 37
97 528 69
97 585 31
97 619 76
97 620 91
97 627 79
98 110 75
98 148 49
98 161 61
98 236 48
98 243 28
98 250 29
98 272 14
98 274 86
98 365 75
98 403 75
98 453 42
98 454 49
98 471 28
98 512 3
98 576 18
98 612 80
98 630 51
98 634 38
98 639 16
99 101 94
99 118 46
99 251 100
99 345 68
99 378 36
99 451 62
99 475 9
99 492 51
99 523 90
100 115 55
100 162 36
100 216 83
100 260 56
100 285 46
100 347 30
100 370 1
100 393 46
100 407 29
100 409 47
100 422 48
100 423 29
100 427 18
100 432 35
100 488 36
100 496 74
100 513 78
100 529 82
100 533 23
100 567 51
100 597 4
100 605 74
100 607 43
100 608 61
100 619 83
101 134 91
101 139 66
101 207 16
101 213 38
101 271 90
101 318 80
101 323 15
101 329 93
101 346 76
101 377 11
101 449 14
101 458 99
101 479 27
101 480 45
101 483 12
101 557 75
101 560 71
101 614 26
101 632 98
102 113 87
102 119 79
102 195 76
102 246 90
102 261 25
102 268 17
102 325 100
102 414 24
102 430 63
102 431 80
102 444 68
102 445 38
102 459 43
102 528 42
102 566 31
102 598 87
102 622 12
103 268 72
103 286 96
103 294 69
103 359 98
103 376 54
103 403 69
103 430 24
103 445 96
103 579 9
103 584 68
103 602 92
103 608 78
104 115 65
104 171 22
104 178 38
104 183 68
104 288 36
104 342 79
104 380 96
104 488 43
104 504 5
104 509 21
104 533 27
104 543 16
104 544 47
104 582 17
104 615 6
105 107 76
105 108 3
105 163 58
105 173 12
105 177 13
105 211 49
105 213 63
105 307 8
105 334 7
105 357 19
105 408 91
105 437 66
105 440 53
105 452 39
105 514 61
105 567 69
105 630 92
106 132 53
106 178 31
106 219 81
106 240 33
106 251 65
106 265 35
106 296 66
106 310 58
106 319 61
106 363 40
106 367 60
106 379 39
106 380 6
106 403 77
106 420 19
106 478 47
106 529 44
106 532 91
106 617 54
106 634 8
107 125 13
107 172 16
107 186 53
107 203 27
107 208 4
107 253 33
107 306 59
107 319 32
107 376 94
107 429 60
107 435 67
107 446 93
107 469 53
107 473 80
107 498 51
107 577 44
107 579 43
107 606 69
108 119 49
108 139 20
108 185 90
108 211 66
108 223 54
108 243 62
108 348 47
108 449 48
108 466 21
108 490 30
108 504 74
108 545 33
108 559 83
108 573 73
108 582 19
108 589 41
108 627 76
109 142 60
109 189 52
109 209 19
109 234 5
109 317 46
109 339 68
109 366 43
109 406 65
109 463 8
109 464 5
109 631 98
110 127 26
110 139 30
110 254 71
110 304 10
110 305 26
110 310 7
110 349 94
110 380 46
110 384 16
110 395 41
110 416 98
110 459 30
110 466 39
110 540 8
110 566 72
110 627 68
111 127 81
111 148 1
111 174 50
111 240 99
111 279 84
111 305 45
111 361 66
111 364 58
111 389 61
111 390 80
111 400 63
111 430 65
111 462 20
111 507 90
111 578 71
112 125 1
112 137 34
112 144 64
112 177 49
112 262 35
112 267 92
112 281 33
112 299 17
112 305 76
112 332 90
112 340 58
112 418 12
112 445 59
112 470 56
112 488 16
112 533 69
112 540 63
112 555 98
112 570 8
112 620 11
112 622 2
113 120 47
113 148 68
113 159 62
113 163 39
113 199 64
113 211 22
113 281 12
113 290 78
113 307 92
113 321 19
113 332 61
113 363 81
113 372 43
113 415 78
113 452 89
113 482 26
113 487 45
113 490 57
113 513 96
113 520 35
113 600 63
114 156 23
114 191 12
114 248 69
114 272 97
114 280 83
114 288 98
114 317 9
114 351 74
114 394 100
114 490 43
114 498 68
114 576 98
114 591 55
114 594 81
114 623 53
115 124 74
115 170 32
115 189 84
115 264 39
115 317 2
115 342 94
115 360 50
115 361 96
115 363 69
115 406 56
115 418 4
115 426 2
115 487 29
115 520 7
115 539 39
115 551 61
115 582 70
115 583 66
116 158 52
116 170 19
116 209 20
116 213 24
116 304 5
116 307 53
116 341 82
116 441 3
116 509 60
116 512 44
116 516 45
116 540 40
116 565 71
116 569 51
116 576 11
116 622 45
117 146 1
117 176 26
117 211 50
117 215 44
117 269 52
117 290 11
117 333 93
117 452 6
117 511 44
117 536 48
117 551 25
117 558 76
117 561 27
117 594 44
118 126 7
118 139 62
118 140 99
118 164 67
118 229 53
118 249 44
118 271 48
118 275 5
118 366 84
118 408 18
118 410 29
118 452 62
118 526 89
118 541 76
118 550 82
118 606 85
118 635 18
119 157 5
119 174 60
119 196 85
119 286 62
119 329 36
119 370 74
119 378 14
119 386 71
119 388 25
119 426 96
119 432 6
119 487 51
119 504 32
119 510 37
119 519 32
119 537 11
119 631 11
120 130 93
120 142 49
120 172 20
120 182 97
120 206 77
120 208 87
120 220 46
120 247 21
120 260 98
120 272 85
120 274 38
120 308 9
120 362 67
120 436 11
120 462 56
120 512 62
120 592 39
120 626 3
121 146 39
121 150 59
121 187 47
121 195 10
121 223 83
121 251 8
121 253 59
121 273 79
121 351 68
121 357 71
121 358 79
121 369 63
121 396 61
121 408 5
121 416 56
121 548 66
121 569 63
121 602 51
122 148 32
122 189 75
122 220 8
122 230 24
122 291 13
122 325 43
122 349 100
122 406 5
122 420 54
122 522 55
122 529 35
122 538 3
122 600 24
122 617 48
122 627 11
123 135 22
123 175 89
123 386 54
123 412 30
123 427 28
123 475 42
123 476 8
123 564 53
123 571 25
123 620 61
124 172 28
124 190 98
124 323 94
124 346 40
124 394 16
124 426 98
124 439 45
124 454 18
124 545 20
124 547 40
124 581 77
124 597 18
125 131 26
125 151 40
125 169 85
125 172 84
125 300 26
125 328 2
125 385 100
125 395 72
125 415 33
125 481 29
125 488 67
125 499 29
125 512 75
125 528 55
125 529 73
125 538 76
125 598 67
126 147 32
126 263 32
126 272 93
126 303 47
126 308 98
126 312 93
126 314 19
126 325 5
126 355 42
126 439 69
126 504 87
126 512 95
126 521 36
126 596 32
126 618 83
126 620 88
127 129 11
127 167 30
127 198 28
127 207 39
127 215 55
127 231 76
127 265 60
127 275 56
127 280 46
127 319 85
127 347 88
127 387 56
127 392 3
127 415 32
127 417 1
127 585 20
127 591 55
127 615 82
128 135 95
128 139 88
128 152 60
128 155 31
128 225 40
128 349 19
128 428 97
128 537 70
128 580 16
128 582 30
128 598 14
128 631 11
129 142 9
129 192 2
129 222 86
129 256 6
129 299 5
129 315 10
129 342 67
129 368 6
129 423 19
129 438 79
129 459 16
129 523 30
129 561 7
129 571 81
129 573 33
129 630 24
129 631 81
129 633 62
130 174 87
130 190 52
130 242 16
130 251 44
130 278 91
130 309 34
130 314 20
130 336 3
130 437 99
130 470 27
130 492 3
130 502 71
130 582 42
130 606 36
131 140 59
131 212 2
131 233 2
131 346 63
131 355 90
131 492 66
131 517 78
131 522 86
131 616 88
132 211 62
132 216 23
132 367 10
132 423 30
132 428 83
132 439 44
132 479 4
132 532 81
132 538 32
132 634 89
132 0 77
133 163 33
133 206 39
133 265 100
133 280 36
133 310 48
133 324 16
133 352 39
133 361 38
133 367 57
133 410 15
133 419 77
133 457 21
133 462 74
133 500 33
133 550 79
133 570 82
133 589 46
133 626 81
134 159 59
134 183 72
134 186 45
134 212 93
134 248 88
134 253 75
134 324 36
134 348 46
134 349 56
134 363 13
134 404 2
134 414 69
134 535 41
134 563 29
134 585 94
135 158 10
135 189 99
135 262 35
135 388 97
135 404 9
135 432 17
135 433 86
135 444 65
135 556 90
135 568 17
135 584 16
135 614 78
135 619 88
135 624 49
135 634 65
136 147 82
136 159 17
136 217 28
136 227 99
136 260 97
136 263 47
136 308 37
136 311 98
136 404 72
136 415 17
136 472 71
136 517 94
136 629 24
137 159 37
137 223 71
137 224 14
137 232 57
137 355 46
137 386 71
137 446 26
137 477 64
137 557 42
138 181 21
138 201 74
138 224 42
138 230 98
138 287 24
138 310 63
138 327 69
138 342 86
138 362 22
138 412 5
138 418 7
138 426 97
138 441 55
138 484 54
138 521 56
138 535 11
138 558 8
138 634 20
139 153 38
139 198 35
139 211 99
139 254 77
139 333 64
139 370 56
139 407 59
139 447 96
139 503 3
139 549 83
139 550 50
139 596 4
139 630 66
140 202 47
140 293 32
140 299 32
140 357 82
140 367 82
140 380 83
140 392 33
140 407 98
140 439 53
140 445 89
140 454 8
140 459 97
140 469 14
140 556 72
140 588 34
140 598 78
140 616 2
140 631 11
141 156 87
141 163 19
141 177 5
141 184 13
141 201 50
141 383 95
141 451 94
141 485 64
141 500 74
141 520 40
141 536 29
141 538 89
141 569 45
141 577 25
141 585 53
141 603 43
141 621 53
141 625 83
142 211 19
142 212 81
142 228 26
142 250 9
142 324 62
142 326 31
142 347 71
142 427 23
142 458 90
142 514 40
142 556 52
143 184 89
143 236 65
143 246 4
143 252 71
143 297 91
143 307 15
143 322 71
143 344 4
143 368 53
143 383 93
143 399 35
143 413 51
143 414 37
143 422 26
143 434 56
143 440 55
143 522 60
143 530 82
143 576 29
143 583 63
143 613 39
143 619 7
143 632 24
144 223 5
144 246 100
144 278 63
144 297 48
144 307 41
144 315 32
144 363 71
144 459 12
144 583 36
144 610 74
145 179 56
145 218 86
145 231 13
145 338 93
145 361 50
145 393 37
145 407 69
145 413 85
145 418 71
145 549 64
145 583 39
145 596 16
146 149 20
146 158 19
146 175 83
146 237 21
146 238 38
146 242 14
146 257 50
146 328 73
146 371 52
146 372 96
146 431 34
146 443 65
146 506 12
146 525 64
146 541 6
146 560 69
147 162 76
147 164 20
147 185 98
147 289 85
147 351 98
147 373 30
147 409 22
147 586 17
148 191 85
148 200 11
148 212 44
148 226 37
148 283 90
148 324 99
148 344 45
148 345 89
148 365 81
148 435 95
148 457 42
148 522 64
148 524 52
148 590 88
149 197 85
149 231 82
149 250 34
149 314 19
149 345 44
149 348 70
149 362 93
149 371 12
149 399 21
149 404 87
149 405 9
149 428 98
149 453 68
149 574 62
149 586 92
149 613 62
150 182 10
150 194 17
150 235 34
150 273 57
150 291 18
150 324 36
150 347 87
150 375 56
150 401 15
150 425 30
150 456 28
150 491 10
150 499 79
150 579 54
150 587 100
150 615 23
150 638 36
151 227 49
151 247 25
151 265 24
151 290 30
151 344 84
151 367 96
151 371 49
151 374 74
151 400 12
151 402 41
151 412 30
151 421 92
151 440 50
151 463 31
151 475 68
151 550 47
151 568 69
151 573 31
151 583 42
151 593 4
151 610 45
151 619 44
152 160 59
152 178 86
152 201 24
152 219 48
152 272 18
152 292 40
152 302 51
152 329 70
152 337 80
152 374 72
152 407 85
152 473 94
152 491 62
152 495 21
152 499 33
152 506 90
152 558 82
152 614 49
152 623 26
153 172 27
153 191 21
153 200 51
153 246 76
153 265 82
153 277 85
153 299 72
153 316 6
153 324 100
153 332 37
153 487 9
153 497 56
153 520 70
153 588 28
153 610 95
154 211 29
154 238 69
154 241 47
154 243 41
154 280 1
154 316 98
154 317 88
154 355 29
154 361 97
154 396 93
154 428 86
154 468 41
154 499 36
154 577 93
154 614 76
154 615 93
154 623 14
154 629 64
155 197 76
155 238 64
155 301 8
155 302 99
155 369 31
155 375 89
155 417 84
155 432 37
155 442 54
155 492 63
155 586 26
155 622 26
155 639 63
156 173 54
156 299 9
156 312 86
156 372 54
156 395 6
156 399 54
156 452 73
156 512 67
156 538 62
156 605 53
157 158 78
157 172 58
157 173 13
157 224 19
157 267 61
157 284 60
157 356 50
157 362 72
157 375 1
157 420 23
157 421 9
157 489 60
157 505 63
157 579 67
157 609 1
157 619 44
157 628 16
158 199 12
158 201 14
158 333 100
158 336 27
158 359 18
158 419 99
158 504 77
158 562 46
158 602 35
158 631 8
159 218 44
159 231 52
159 233 48
159 290 47
159 315 13
159 350 14
159 375 23
159 467 82
159 482 6
160 208 72
160 216 1
160 226 82
160 316 32
160 368 96
160 462 81
160 466 94
160 517 66
160 568 84
160 580 66
160 613 26
160 622 26
160 627 40
161 209 50
161 273 27
161 343 23
161 369 74
161 373 76
161 380 50
161 413 55
161 414 84
161 447 29
161 465 57
161 524 66
161 527 83
161 535 16
161 544 59
161 577 79
161 590 17
161 602 55
162 173 7
162 179 92
162 184 24
162 203 29
162 224 76
162 245 99
162 250 23
162 251 8
162 264 67
162 271 30
162 299 32
162 345 53
162 360 81
162 406 44
162 412 71
162 436 18
162 448 46
162 457 36
162 465 75
162 550 21
162 579 42
162 588 58
162 596 51
162 604 65
162 613 46
163 168 61
163 190 90
163 252 35
163 255 34
163 282 26
163 386 71
163 410 5
163 427 72
163 445 54
163 468 34
163 540 54
163 546 38
163 618 57
163 635 61
164 181 69
164 228 24
164 230 84
164 271 29
164 281 57
164 290 93
164 311 5
164 407 47
164 421 54
164 463 91
164 466 56
164 468 61
164 476 65
164 490 4
164 515 32
164 523 42
164 609 83
164 619 6
165 167 35
165 175 15
165 189 65
165 211 64
165 277 40
165 416 20
165 418 83
165 440 50
165 492 9
165 498 90
165 526 36
165 536 13
165 560 14
166 199 90
166 204 14
166 214 36
166 223 9
166 267 88
166 339 89
166 355 47
166 361 88
166 367 20
166 369 26
166 378 28
166 391 53
166 430 99
166 450 95
166 491 79
166 511 53
166 512 74
166 566 56
166 575 46
166 587 77
166 627 94
167 182 48
167 216 34
167 218 79
167 247 52
167 368 79
167 373 12
167 403 72
167 410 65
167 477 88
167 503 35
167 507 66
167 545 28
167 565 43
167 622 40
168 174 59
168 177 97
168 205 46
168 213 3
168 298 34
168 334 30
168 337 72
168 355 69
168 371 17
168 372 78
168 397 50
168 457 75
168 478 97
168 485 66
168 518 56
168 527 58
168 570 10
168 573 88
169 216 6
169 244 25
169 265 24
169 341 8
169 357 3
169 388 46
169 390 17
169 397 28
169 414 28
169 415 6
169 455 91
169 484 15
169 556 3
169 593 1
169 595 89
170 197 57
170 248 8
170 263 33
170 271 4
170 287 53
170 299 27
170 306 16
170 367 97
170 394 14
170 427 14
170 470 46
170 571 39
170 594 73
170 608 96
170 613 5
170 628 7
171 176 89
171 245 17
171 365 98
171 393 22
171 489 99
171 512 18
171 565 90
171 568 30
171 598 43
171 622 71
171 626 53
172 204 96
172 226 87
172 241 12
172 260 16
172 312 51
172 372 39
172 375 69
172 407 19
172 420 25
172 422 73
172 460 29
172 465 87
172 492 87
172 522 16
172 533 76
172 568 54
173 216 56
173 275 18
173 289 76
173 309 92
173 325 56
173 326 27
173 357 48
173 389 43
173 409 55
173 441 59
173 466 14
173 504 95
173 552 19
173 565 82
173 573 96
173 606 15
173 625 59
173 635 33
173 637 65
173 0 5
174 184 59
174 241 82
174 274 80
174 290 89
174 291 82
174 317 52
174 318 93
174 475 93
174 487 96
174 513 63
174 538 4
174 544 60
174 591 3
175 193 88
175 265 79
175 285 18
175 320 24
175 395 80
175 422 2
175 561 30
175 587 18
175 594 80
175 628 69
176 178 72
176 224 55
176 246 46
176 247 79
176 270 5
176 273 98
176 289 45
176 375 68
176 398 49
176 462 91
176 522 59
176 555 43
176 572 2
176 595 85
177 244 97
177 305 70
177 411 11
177 449 67
177 476 87
177 582 27
177 596 73
177 615 9
177 635 57
178 189 80
178 191 42
178 248 80
178 272 20
178 282 22
178 306 99
178 310 94
178 322 6
178 345 62
178 357 43
178 390 86
178 441 75
178 462 11
178 465 65
178 486 29
178 536 20
179 225 6
179 375 45
179 477 36
179 529 5
179 538 67
179 571 50
179 591 11
180 199 96
180 207 84
180 237 78
180 248 76
180 295 46
180 323 42
180 335 20
180 389 89
180 461 6
180 507 88
180 575 40
180 597 90
180 614 41
181 184 91
181 195 32
181 199 64
181 204 32
181 223 2
181 286 17
181 338 72
181 376 45
181 406 75
181 452 2
181 453 42
181 459 49
181 473 57
181 496 40
181 515 56
181 518 2
181 562 73
181 563 41
181 578 71
181 603 80
181 633 82
182 242 12
182 348 100
182 363 59
182 378 30
182 431 82
182 432 6
182 508 98
182 538 16
182 594 92
182 611 61
182 613 24
183 211 13
183 234 6
183 290 93
183 312 65
183 339 98
183 357 68
183 381 2
183 393 67
183 400 52
183 423 82
183 433 66
183 443 59
183 468 66
183 470 23
183 497 31
183 500 1
183 521 26
183 536 89
183 568 99
183 616 2
183 621 26
184 210 58
184 229 40
184 237 41
184 259 62
184 362 73
184 376 91
184 385 27
184 406 59
184 491 52
184 505 33
184 508 89
184 516 64
184 522 36
184 527 51
184 574 20
184 590 98
184 626 70
185 191 82
185 239 57
185 270 32
185 280 24
185 298 72
185 333 75
185 341 33
185 345 75
185 356 74
185 397 25
185 415 95
185 432 50
185 494 16
185 521 43
185 534 71
185 540 42
185 573 50
186 225 33
186 290 61
186 297 100
186 300 59
186 396 29
186 419 76
186 446 48
186 522 81
186 564 83
186 567 20
186 568 8
186 579 76
186 599 22
186 612 65
187 188 64
187 267 49
187 271 78
187 273 80
187 287 100
187 325 56
187 352 40
187 361 42
187 380 92
187 446 49
187 453 40
187 495 83
187 504 63
187 517 82
187 523 75
187 632 18
188 190 37
188 214 7
188 230 76
188 245 32
188 247 39
188 264 35
188 300 58
188 352 41
188 380 22
188 409 53
188 417 13
188 443 31
188 459 14
188 498 89
188 518 32
188 527 18
188 592 19
189 237 65
189 256 92
189 290 15
189 325 87
189 341 25
189 371 11
189 389 40
189 437 65
189 456 34
189 478 57
189 504 77
189 579 97
189 581 65
189 620 47
189 636 25
190 228 13
190 240 36
190 244 71
190 253 69
190 271 95
190 317 75
190 345 13
190 353 3
190 374 97
190 378 89
190 407 86
190 422 86
190 483 3
191 240 31
191 271 42
191 279 74
191 301 91
191 316 36
191 329 24
191 380 76
191 527 59
191 559 27
191 572 94
191 592 74
191 0 59
192 221 47
192 326 1
192 355 85
192 376 87
192 424 36
192 450 84
192 474 67
192 475 4
192 496 61
192 499 15
192 520 19
192 551 74
192 573 96
192 590 15
192 639 59
193 240 38
193 241 27
193 280 73
193 285 38
193 325 32
193 346 69
193 358 3
193 408 78
193 421 29
193 429 13
193 518 66
193 526 2
193 546 17
193 559 53
193 572 17
193 595 2
194 233 61
194 292 28
194 293 85
194 304 4
194 331 69
194 361 42
194 380 36
194 405 34
194 428 19
194 440 26
194 449 1
194 459 7
194 478 68
194 531 32
194 562 88
194 583 93
194 598 39
195 209 94
195 292 76
195 323 98
195 328 52
195 376 7
195 386 52
195 401 99
195 522 67
195 575 20
195 579 42
196 199 5
196 253 26
196 256 15
196 279 96
196 308 22
196 325 81
196 350 72
196 387 11
196 414 54
196 455 74
196 545 43
196 557 5
196 559 79
196 609 98
196 621 56
196 624 74
196 631 42
197 236 37
197 353 77
197 386 22
197 392 59
197 439 96
197 506 22
197 525 89
197 533 63
198 204 63
198 222 100
198 275 93
198 317 75
198 333 30
198 347 24
198 395 43
198 474 58
198 492 15
198 577 18
198 578 53
198 591 70
198 597 23
198 620 79
198 635 17
198 636 71
199 209 84
199 248 2
199 276 49
199 280 14
199 352 54
199 399 89
199 449 16
199 460 51
199 467 53
199 475 40
199 487 79
199 528 79
199 574 39
199 589 39
199 598 15
200 205 28
200 220 2
200 249 11
200 270 82
200 281 33
200 297 85
200 302 63
200 362 85
200 376 50
200 392 50
200 441 80
200 450 47
200 487 87
200 545 66
200 562 89
200 616 27
200 619 77
201 205 77
201 249 84
201 263 13
201 316 79
201 332 35
201 357 39
201 389 8
201 396 21
201 426 2
201 438 92
201 464 69
201 477 79
201 502 64
201 542 14
201 568 55
201 582 84
201 584 32
201 622 65
202 233 55
202 245 18
202 248 59
202 263 27
202 311 76
202 317 30
202 398 3
202 429 47
202 439 48
202 462 65
202 474 23
202 524 67
202 530 82
202 551 53
202 567 30
202 586 85
202 602 5
202 620 16
202 0 30
203 204 70
203 238 56
203 244 48
203 281 47
203 303 7
203 309 87
203 372 18
203 397 8
203 467 88
203 484 76
203 632 6
204 221 9
204 232 22
204 327 86
204 449 12
204 452 3
204 472 81
204 516 89
204 538 12
204 581 8
204 591 20
204 616 2
205 220 78
205 265 5
205 284 75
205 343 40
205 357 8
205 360 67
205 369 77
205 380 28
205 397 41
205 417 47
205 434 73
205 449 37
205 524 33
205 538 65
205 590 17
205 608 59
205 636 34
206 218 91
206 245 66
206 294 36
206 299 45
206 331 17
206 366 12
206 427 2
206 459 57
206 479 24
206 605 46
207 240 47
207 260 63
207 262 33
207 269 36
207 271 28
207 291 82
207 356 11
207 417 54
207 455 4
207 468 14
207 491 12
207 532 74
207 561 47
207 598 20
207 618 13
207 619 12
208 218 40
208 228 42
208 271 80
208 278 55
208 351 64
208 391 33
208 420 22
208 519 87
208 522 23
208 524 65
208 529 88
208 629 54
208 633 59
209 214 23
209 218 73
209 299 47
209 324 32
209 385 28
209 392 63
209 418 31
209 518 83
209 531 35
209 559 34
209 560 1
210 249 86
210 277 88
210 394 100
210 405 4
210 472 96
210 484 45
210 488 15
210 540 76
210 567 51
211 212 70
211 296 47
211 342 59
211 368 86
211 378 26
211 381 12
211 477 1
211 488 39
211 547 57
211 564 31
211 575 6
211 584 64
211 623 82
212 259 61
212 270 50
212 273 93
212 281 16
212 304 24
212 314 98
212 317 53
212 368 95
212 404 38
212 405 28
212 447 21
212 478 85
212 495 94
212 500 17
212 508 3
212 545 53
212 569 40
212 633 42
213 236 18
213 271 76
213 289 6
213 318 47
213 319 74
213 343 75
213 355 98
213 359 21
213 362 37
213 366 82
213 377 37
213 395 91
213 425 38
213 439 70
213 452 89
213 456 11
213 485 97
213 487 56
213 518 18
213 524 21
213 544 22
213 571 87
213 588 39
213 601 86
213 631 98
214 305 76
214 308 61
214 317 42
214 327 60
214 384 24
214 417 66
214 419 76
214 433 45
214 460 69
214 473 98
214 476 68
214 489 64
214 611 72
214 633 24
215 224 5
215 233 25
215 286 62
215 310 7
215 335 88
215 363 48
215 376 9
215 388 21
215 478 60
215 559 29
215 565 42
215 601 9
216 264 62
216 285 42
216 304 96
216 323 73
216 326 95
216 328 62
216 384 49
216 431 36
216 476 75
216 494 49
216 500 68
216 572 91
216 615 24
217 242 25
217 268 35
217 278 82
217 298 45
217 305 75
217 397 11
217 416 91
217 422 94
217 483 10
217 505 22
217 523 78
217 569 4
217 615 93
217 628 67
218 291 15
218 302 36
218 311 12
218 464 9
218 465 29
218 493 83
218 500 68
218 501 13
218 510 32
218 527 98
218 537 52
218 570 6
218 602 11
219 256 32
219 294 67
219 299 4
219 335 58
219 388 54
219 411 57
219 414 81
219 429 90
219 456 89
219 465 64
219 466 99
219 473 28
219 494 10
219 529 60
219 582 77
219 627 86
219 639 3
220 221 70
220 231 37
220 239 1
220 246 89
220 267 42
220 330 4
220 340 74
220 362 50
220 451 38
220 492 90
220 494 39
220 500 62
220 516 69
220 534 2
220 542 24
220 588 99
220 627 90
221 271 74
221 274 90
221 329 74
221 372 62
221 373 26
221 559 45
221 580 51
221 598 47
222 228 50
222 245 100
222 249 100
222 265 8
222 277 77
222 303 4
222 336 41
222 401 44
222 429 8
222 483 34
222 554 3
222 559 82
222 589 44
222 596 66
223 291 67
223 310 49
223 335 88
223 351 75
223 369 66
223 374 66
223 402 65
223 458 71
223 532 53
223 617 64
223 619 36
223 629 28
224 229 59
224 344 80
224 377 58
224 385 87
224 411 92
224 448 99
224 460 2
224 484 25
224 510 29
224 527 54
224 536 92
224 559 73
224 612 94
225 264 55
225 265 4
225 307 75
225 320 86
225 355 55
225 411 44
225 422 13
225 482 86
225 525 48
225 553 74
225 617 59
225 619 1
226 229 82
226 254 48
226 256 3
226 357 28
226 365 54
226 444 12
226 474 1
226 538 25
226 553 72
226 614 4
227 254 15
227 260 28
227 291 56
227 297 91
227 334 95
227 336 50
227 380 24
227 429 77
227 446 92
227 485 94
227 490 59
227 526 25
227 572 47
227 607 88
227 624 53
228 241 44
228 292 26
228 322 13
228 340 7
228 365 58
228 367 14
228 370 24
228 431 16
228 459 19
228 496 85
228 512 16
228 545 74
228 558 68
228 560 23
228 590 98
228 591 90
229 231 68
229 315 44
229 400 5
229 432 74
229 480 38
229 500 38
229 502 21
229 505 10
229 511 14
229 520 38
229 564 4
229 620 18
229 621 96
229 636 82
230 238 34
230 242 72
230 278 48
230 284 42
230 360 87
230 369 18
230 373 83
230 375 76
230 395 7
230 399 40
230 436 40
230 468 99
230 482 69
230 511 84
230 578 18
230 583 4
230 616 9
230 632 42
231 248 76
231 268 15
231 281 63
231 330 47
231 353 4
231 355 34
231 369 99
231 391 97
231 395 17
231 399 23
231 400 4
231 409 98
231 441 41
231 442 20
231 548 82
231 622 33
231 637 62
232 341 79
232 378 62
232 417 83
232 456 12
232 498 74
232 620 65
233 339 54
233 390 42
233 394 24
233 424 80
233 441 11
233 461 6
233 475 92
233 521 65
233 561 17
233 589 67
233 598 89
233 621 79
233 637 44
233 0 30
234 239 25
234 242 32
234 269 75
234 276 95
234 285 58
234 293 9
234 311 97
234 323 47
234 455 8
234 482 54
234 532 96
234 582 8
234 623 13
235 245 89
235 262 79
235 277 42
235 345 26
235 352 57
235 429 70
235 454 41
235 471 69
235 473 100
235 511 7
235 544 40
235 548 94
235 552 32
235 569 50
236 252 3
236 342 25
236 353 18
236 365 10
236 374 48
236 418 14
236 496 1
236 540 76
236 579 9
236 629 1
236 633 13
237 250 9
237 288 86
237 296 32
237 352 54
237 386 45
237 417 65
237 427 46
237 549 78
237 618 13
238 342 12
238 355 16
238 385 13
238 395 15
238 407 71
238 453 45
238 484 57
238 540 40
238 541 27
238 544 20
238 563 54
238 565 76
238 572 89
238 577 2
238 612 1
239 278 60
239 352 32
239 359 63
239 364 37
239 382 14
239 426 21
239 428 88
239 445 47
239 462 27
239 525 67
239 630 32
240 259 15
240 309 46
240 357 12
240 444 38
240 452 59
240 460 64
240 484 6
240 543 71
240 568 73
240 599 32
241 293 33
241 380 33
241 384 99
241 414 2
241 427 100
241 470 60
241 506 43
241 622 19
242 250 48
242 257 49
242 267 29
242 303 57
242 346 17
242 402 70
242 458 71
242 481 59
242 488 51
242 504 58
242 510 72
242 518 53
242 573 85
242 582 22
242 591 61
242 599 7
243 260 12
243 279 16
243 318 100
243 350 69
243 454 95
243 480 46
243 483 70
243 511 37
243 573 45
243 617 88
244 294 9
244 307 31
244 357 32
244 359 43
244 372 2
244 373 13
244 380 70
244 432 63
244 441 82
244 462 4
244 468 22
244 487 28
244 556 38
244 604 96
244 614 70
245 252 43
245 340 43
245 375 36
245 378 88
245 424 12
245 467 75
245 470 85
245 580 55
245 593 85
245 626 37
245 637 25
246 312 3
246 361 9
246 378 13
246 525 7
246 527 45
246 583 3
246 585 8
246 624 80
247 287 63
247 301 57
247 307 52
247 327 32
247 347 95
247 352 43
247 353 48
247 394 58
247 400 26
247 458 66
247 493 89
247 514 26
247 527 2
247 605 26
247 611 26
247 626 97
247 632 40
248 305 2
248 319 90
248 337 76
248 364 82
248 463 17
248 483 21
248 530 11
248 541 98
248 562 57
248 566 89
248 620 71
248 627 18
248 628 83
249 259 81
249 263 15
249 343 81
249 375 47
249 395 16
249 414 15
249 427 74
249 471 19
249 496 10
249 533 68
249 579 1
249 603 35
249 612 99
249 630 89
250 272 25
250 325 53
250 332 87
250 352 77
250 360 91
250 440 21
250 607 76
250 625 21
251 291 34
251 342 89
251 352 58
251 407 64
251 429 76
251 441 65
251 484 99
251 553 42
251 558 49
251 622 84
252 276 47
252 281 92
252 284 12
252 429 83
252 485 31
252 498 11
252 505 82
252 546 81
252 611 64
252 615 88
252 635 91
253 300 70
253 314 99
253 343 27
253 370 94
253 385 88
253 406 2
253 429 38
253 433 53
253 456 40
253 492 58
253 498 77
253 527 18
253 555 37
253 565 12
253 580 46
253 598 65
254 285 78
254 297 27
254 374 61
254 482 93
254 507 25
254 524 26
254 558 98
254 561 59
254 565 36
254 607 14
254 626 98
255 354 39
255 383 38
255 427 18
255 444 95
255 512 24
255 534 2
255 573 87
255 588 69
255 608 89
256 264 69
256 273 21
256 299 3
256 343 38
256 365 7
256 377 46
256 426 54
256 472 60
256 474 52
256 491 35
256 594 73
256 615 13
257 274 97
257 314 6
257 453 62
257 466 67
257 469 96
257 470 59
257 525 5
257 531 74
257 554 55
257 566 60
257 601 87
258 275 69
258 292 96
258 404 1
258 430 77
258 503 93
258 504 98
258 539 50
258 557 25
258 562 38
258 588 5
258 603 60
259 270 17
259 313 33
259 335 100
259 361 38
259 431 42
259 486 23
259 494 28
259 537 68
259 595 73
259 608 53
260 287 80
260 292 75
260 310 92
260 328 11
260 357 46
260 371 63
260 398 55
260 487 8
260 496 87
260 499 23
260 505 79
260 517 29
260 519 1
260 572 75
260 607 17
261 277 14
261 282 20
261 302 11
261 308 69
261 327 33
261 396 40
261 398 76
261 403 28
261 434 43
261 482 78
261 559 6
261 595 15
261 614 86
262 265 38
262 307 94
262 354 66
262 371 39
262 375 6
262 425 45
262 436 29
262 467 67
262 495 40
262 507 25
262 599 96
262 616 95
263 311 92
263 338 5
263 405 21
263 446 11
263 447 31
263 497 56
263 592 87
264 382 14
264 390 58
264 400 24
264 407 24
264 409 100
264 508 60
264 555 67
265 373 49
265 375 97
265 404 6
265 464 30
265 522 64
265 551 15
265 555 67
265 600 38
266 346 84
266 417 44
266 437 93
266 504 1
266 508 74
266 509 30
266 574 45
266 586 6
267 336 70
267 338 14
267 343 54
267 414 33
267 487 81
267 489 24
267 519 19
267 625 8
268 312 42
268 345 59
268 500 55
268 571 15
268 588 27
268 602 99
268 616 80
268 619 81
268 625 95
269 301 35
269 318 41
269 336 87
269 360 99
269 361 25
269 388 56
269 395 11
269 420 48
269 483 51
269 503 77
269 536 70
270 273 90
270 309 29
270 310 36
270 327 54
270 340 86
270 392 36
270 459 78
270 470 100
270 495 71
270 550 100
270 552 38
270 556 2
270 587 48
270 597 73
271 364 80
271 443 67
271 505 2
271 507 83
271 539 60
271 548 61
271 582 43
272 275 46
272 282 53
272 342 93
272 422 47
272 435 85
272 464 46
272 471 71
272 534 3
272 550 84
272 589 2
272 608 55
272 634 15
273 321 67
273 373 91
273 384 53
273 393 96
273 433 49
273 458 20
273 466 55
273 495 17
273 533 42
273 535 33
274 301 35
274 332 73
274 347 83
274 473 69
274 485 32
274 581 34
274 593 95
274 595 92
274 632 34
275 331 77
275 350 42
275 365 24
275 453 33
275 457 47
275 488 59
275 502 1
275 534 22
275 602 66
275 604 72
275 615 19
276 278 21
276 280 97
276 293 69
276 323 26
276 404 54
276 426 97
276 430 45
276 443 50
276 515 99
276 541 65
276 606 85
276 638 58
277 286 72
277 312 41
277 318 17
277 375 86
277 401 90
277 448 7
277 466 58
277 495 54
277 497 81
277 511 96
277 541 74
278 301 10
278 342 42
278 387 31
278 390 39
278 407 93
278 442 75
278 480 20
278 482 90
278 497 46
278 559 86
278 563 24
278 615 85
278 628 70
279 347 81
279 362 25
279 368 86
279 401 86
279 494 88
279 497 37
279 563 66
279 611 58
279 612 84
279 635 64
280 290 20
280 293 5
280 299 95
280 347 28
280 361 21
280 388 6
280 471 36
280 504 40
280 538 83
280 568 9
280 570 100
280 605 75
280 618 100
280 622 58
281 308 75
281 361 93
281 589 30
281 630 10
282 300 12
282 325 7
282 366 84
282 379 17
282 411 49
282 443 26
282 462 96
282 569 100
282 597 43
283 352 17
283 406 73
283 412 9
283 423 19
283 437 14
283 442 16
283 478 26
284 353 7
284 423 55
284 443 90
284 465 92
284 481 26
284 487 62
284 491 100
284 504 29
284 515 50
284 520 25
284 526 9
284 555 96
284 575 34
284 579 22
284 605 66
284 622 60
284 627 100
285 287 33
285 421 3
285 422 71
285 461 62
285 468 81
285 520 43
285 557 77
285 573 8
285 615 72
285 621 21
285 636 74
285 638 22
286 291 58
286 330 15
286 333 69
286 345 76
286 420 93
286 460 77
286 510 20
286 514 27
286 523 80
286 529 67
286 550 91
286 566 54
286 577 32
286 580 24
286 622 93
286 632 47
287 306 23
287 315 77
287 320 86
287 401 37
287 407 97
287 474 66
287 578 81
287 581 48
287 590 45
287 600 19
287 605 30
288 302 75
288 377 50
288 380 7
288 407 9
288 415 47
288 436 11
288 483 77
288 505 65
288 507 27
288 535 27
288 553 19
288 556 9
288 586 84
288 603 56
288 629 62
289 453 81
289 456 4
289 494 47
289 577 68
289 588 56
289 616 78
290 373 51
290 440 62
290 482 62
290 520 34
290 556 82
290 559 78
290 594 78
290 611 64
291 351 44
291 388 54
291 392 43
291 436 99
291 456 86
291 473 77
291 483 40
291 500 54
291 545 87
291 624 76
292 337 75
292 340 2
292 358 85
292 367 25
292 375 25
292 412 50
292 413 23
292 418 68
292 423 15
292 430 77
292 485 29
292 487 60
292 520 73
292 525 4
292 564 5
292 591 39
292 638 58
293 302 88
293 311 34
293 337 27
293 349 62
293 353 25
293 383 40
293 387 39
293 439 99
293 457 24
293 472 73
293 496 52
293 500 99
293 551 70
293 573 97
294 336 72
294 377 25
294 378 64
294 390 94
294 411 38
294 428 85
294 430 26
294 431 60
294 487 29
294 513 60
294 565 19
294 576 90
294 584 49
294 586 47
294 591 7
295 302 50
295 332 27
295 335 40
295 385 42
295 432 82
295 523 84
295 542 48
295 571 80
295 633 98
295 634 92
295 637 58
296 373 33
296 377 71
296 426 63
296 439 24
296 442 11
296 557 85
296 562 14
296 604 21
297 301 40
297 302 87
297 315 83
297 340 49
297 386 18
297 387 96
297 468 18
297 537 72
297 554 84
297 566 12
297 578 43
297 582 23
297 614 24
297 630 6
297 634 87
298 422 95
298 432 12
298 448 39
298 467 5
298 535 92
298 553 42
298 572 65
298 576 84
298 587 97
298 592 51
298 598 95
298 605 54
298 606 68
299 339 64
299 378 7
299 467 87
299 492 62
299 534 31
299 577 78
299 582 57
299 628 31
300 353 56
300 382 45
300 385 64
300 410 61
300 441 23
300 459 92
300 483 3
300 584 26
300 598 31
300 610 68
301 407 48
301 452 31
301 460 53
301 467 46
301 516 82
301 526 32
301 540 52
301 570 44
301 574 63
301 600 20
301 628 38
302 306 77
302 383 84
302 446 62
302 452 24
302 459 79
302 466 99
302 486 56
302 530 34
302 572 25
303 304 63
303 310 61
303 319 11
303 327 13
303 339 35
303 356 45
303 385 40
303 397 9
303 433 17
303 488 63
303 560 89
303 565 90
303 623 54
304 318 42
304 368 21
304 393 10
304 506 95
304 543 72
304 555 10
304 565 73
304 573 58
304 583 25
304 587 93
304 606 91
304 620 75
305 341 29
305 357 91
305 376 22
305 385 22
305 400 92
305 410 13
305 422 90
305 484 6
305 530 18
305 548 50
305 549 82
305 564 92
305 618 84
306 326 30
306 332 35
306 348 29
306 476 73
306 487 94
306 506 10
306 534 81
306 562 80
306 573 19
306 588 96
306 599 89
306 602 33
306 603 86
307 358 83
307 395 20
307 418 55
307 441 32
307 511 74
307 534 14
307 636 60
308 337 16
308 348 90
308 358 1
308 386 83
308 418 42
308 460 9
308 492 86
308 530 1
308 533 4
308 539 43
308 550 81
308 560 34
308 562 6
308 585 99
308 594 50
308 612 14
308 634 19
308 639 60
309 329 95
309 330 67
309 394 63
309 452 61
309 475 44
309 552 44
309 578 93
309 597 82
309 603 95
309 616 27
309 623 21
310 311 73
310 333 41
310 374 23
310 376 64
310 405 62
310 406 77
310 492 51
310 527 12
310 532 20
310 596 89
310 0 52
311 323 14
311 381 77
311 402 95
311 471 13
311 475 42
311 570 37
311 581 73
311 595 19
311 612 48
311 621 63
312 382 38
312 396 90
312 403 75
312 416 52
312 427 29
312 478 77
312 490 31
312 524 7
312 534 54
312 535 35
312 569 7
312 594 57
312 637 54
312 0 62
313 323 60
313 335 98
313 411 6
313 495 20
313 522 87
313 525 16
313 561 79
313 576 82
314 337 66
314 340 39
314 375 58
314 389 59
314 409 17
314 426 21
314 466 26
314 467 4
314 499 30
314 521 29
314 544 92
314 550 6
314 559 86
314 560 53
315 336 73
315 394 76
315 413 75
315 475 91
315 539 32
315 601 55
315 608 23
316 389 47
316 443 32
316 497 51
316 529 75
316 549 53
316 580 60
316 628 17
317 342 42
317 348 30
317 365 97
317 368 100
317 427 26
317 458 32
317 475 12
317 491 1
317 499 35
317 509 59
317 542 50
317 551 6
317 582 29
317 618 84
318 345 81
318 346 37
318 367 43
318 401 74
318 452 89
318 483 67
318 488 100
318 528 10
318 534 96
318 551 32
318 554 38
318 567 86
318 612 100
318 635 22
319 333 84
319 337 62
319 377 67
319 407 99
319 418 17
319 446 71
319 448 29
319 467 22
319 506 94
319 534 93
319 539 97
319 557 14
319 573 82
319 580 89
320 349 16
320 353 56
320 365 7
320 415 47
320 514 7
320 526 28
320 528 47
320 544 30
320 559 32
320 600 84
321 363 88
321 368 12
321 374 76
321 476 6
321 490 12
321 523 33
321 544 89
321 562 51
321 566 56
321 574 57
321 619 23
321 630 50
322 370 99
322 383 61
322 423 9
322 451 52
322 493 69
322 533 92
322 536 76
323 349 66
323 361 64
323 363 80
323 382 70
323 429 41
323 443 43
323 453 39
323 485 1
323 530 11
324 359 83
324 390 59
324 407 9
324 418 96
324 457 21
324 488 74
324 490 67
324 627 50
324 639 91
325 356 55
325 376 24
325 411 94
325 458 76
325 470 36
325 523 49
325 571 5
325 576 5
325 609 52
325 629 11
326 358 57
326 377 81
326 402 42
326 426 70
326 481 53
326 482 67
326 511 24
326 535 5
326 572 55
327 376 1
327 405 91
327 458 52
327 479 21
327 482 84
327 500 19
327 556 65
327 579 70
327 599 62
327 607 4
328 401 98
328 544 75
328 554 83
328 583 87
328 585 51
328 589 98
329 333 5
329 369 92
329 379 30
329 418 50
329 420 2
329 484 88
329 576 56
329 608 28
330 371 57
330 397 93
330 419 95
330 425 1
330 446 73
330 458 75
330 461 95
330 484 81
330 508 2
330 516 93
330 535 45
330 539 39
330 541 68
330 561 50
330 587 4
330 605 87
331 348 97
331 363 74
331 404 42
331 413 25
331 467 93
331 548 48
331 585 78
331 621 31
331 625 69
331 635 24
332 386 35
332 491 36
332 526 15
332 578 26
332 589 94
332 590 65
332 598 54
332 630 61
332 637 91
333 382 21
333 399 86
333 458 98
333 461 97
333 491 53
333 497 92
333 577 18
333 582 67
333 605 68
334 364 31
334 380 21
334 411 97
334 417 2
334 449 5
334 460 5
334 482 28
334 491 59
334 525 8
334 534 24
334 547 30
334 555 3
334 577 40
334 604 75
334 607 61
335 382 56
335 417 1
335 441 45
335 449 68
335 473 81
335 543 71
335 553 84
335 560 9
335 627 43
336 352 75
336 360 10
336 415 82
336 532 78
336 580 79
336 596 60
336 614 30
337 339 40
337 344 23
337 350 73
337 371 24
337 386 67
337 401 80
337 406 4
337 427 49
337 429 17
337 441 68
337 453 46
337 473 69
337 480 45
337 500 75
337 516 41
337 531 72
337 561 24
337 583 3
337 636 5
338 378 12
338 452 62
338 472 89
338 546 47
338 569 16
338 570 29
338 624 33
338 637 63
339 359 99
339 434 7
339 445 58
339 456 22
340 393 79
340 511 22
340 555 78
340 583 17
340 634 29
341 351 93
341 361 81
341 380 89
341 395 64
341 432 76
341 452 24
341 466 29
341 475 44
341 558 46
341 587 60
341 600 5
341 628 33
341 633 73
342 408 37
342 457 97
342 495 48
342 511 30
342 524 42
342 579 93
342 630 56
342 632 51
343 361 93
343 406 62
343 449 10
343 528 33
343 535 41
343 583 88
343 605 80
343 606 96
343 622 37
343 633 3
343 637 7
344 385 97
344 446 98
344 459 15
344 477 61
344 499 26
344 527 98
344 564 86
344 598 12
344 601 38
344 604 16
344 621 99
345 377 80
345 398 89
345 475 64
345 494 84
345 495 4
345 514 83
345 521 47
345 563 53
345 564 63
346 372 80
346 422 4
346 443 85
346 504 15
346 526 96
346 546 46
347 360 49
347 384 33
347 410 4
347 412 33
347 453 21
347 486 63
347 495 80
347 541 76
347 595 26
347 610 95
347 631 69
348 358 71
348 364 47
348 379 32
348 390 26
348 409 28
348 427 34
348 449 88
348 488 27
348 519 46
348 520 90
348 539 16
348 610 100
348 619 20
349 420 47
349 458 46
349 473 68
349 497 47
349 608 43
349 627 41
349 0 47
350 359 76
350 365 73
350 379 85
350 395 23
350 408 89
350 456 61
350 459 47
350 507 40
350 572 23
350 616 20
351 363 78
351 393 44
351 437 82
351 464 85
351 561 19
351 587 52
351 598 44
351 600 79
351 610 25
351 619 52
352 447 33
352 456 60
352 511 84
352 543 35
352 554 62
352 616 47
353 356 78
353 362 21
353 463 47
353 465 5
353 481 77
353 509 40
353 522 80
353 566 54
353 591 83
353 609 99
354 371 84
354 392 59
354 501 78
354 504 40
354 574 93
355 367 29
355 406 48
355 445 24
355 486 54
355 513 48
355 530 28
355 532 91
355 575 79
355 585 53
356 399 44
356 454 30
356 515 16
356 558 88
356 577 17
356 579 65
356 583 86
357 408 1
357 454 48
357 460 10
357 525 32
357 548 87
357 567 10
357 574 47
357 596 42
358 383 72
358 420 22
358 444 59
358 452 71
358 498 20
358 510 35
358 526 21
358 537 22
358 564 22
358 584 48
358 609 35
359 448 34
359 455 51
359 479 91
359 486 88
359 517 7
359 542 45
359 546 43
359 549 20
359 620 90
360 434 80
360 476 6
360 513 89
360 557 87
360 602 37
360 630 83
360 639 11
361 375 68
361 377 3
361 400 17
361 409 6
361 424 88
361 495 5
361 546 3
361 578 54
361 628 4
362 373 68
362 381 86
362 394 54
362 463 50
362 514 87
362 534 26
362 589 79
362 629 99
363 493 73
363 536 89
363 537 49
363 557 22
363 612 99
363 629 20
363 639 93
364 374 48
364 437 13
364 460 83
364 488 89
364 546 1
364 565 20
364 612 4
365 393 5
365 395 55
365 404 34
365 414 60
365 448 80
365 510 59
365 632 40
366 400 52
366 405 94
366 494 92
366 502 88
366 540 99
366 585 34
367 369 58
367 377 54
367 408 13
367 451 56
367 592 89
367 603 46
368 428 18
368 490 6
368 600 83
368 634 68
369 399 13
369 409 6
369 469 18
369 475 38
369 498 59
369 543 50
369 548 83
369 551 68
369 569 9
369 611 14
369 613 70
369 632 19
370 388 30
370 389 29
370 511 97
370 556 30
370 568 11
370 570 44
370 594 39
371 398 90
371 411 15
371 424 84
371 446 62
371 466 73
371 481 99
371 516 93
371 538 59
371 558 79
371 560 97
371 597 100
371 625 78
372 474 78
372 489 54
372 557 8
372 569 72
372 581 24
372 583 55
373 393 69
373 396 95
373 416 70
373 521 7
373 531 15
373 576 52
373 584 82
373 599 66
373 608 30
374 428 46
374 462 33
374 490 61
374 507 95
374 518 82
374 553 87
374 596 79
375 414 23
375 445 17
375 449 84
375 486 11
376 384 69
376 394 14
376 395 55
376 533 11
376 545 80
376 552 62
376 589 28
376 609 39
377 460 79
377 559 54
377 622 8
378 421 67
378 430 35
378 445 20
378 466 12
378 468 32
378 526 82
378 529 21
378 550 78
378 582 2
378 613 11
379 395 63
379 421 14
379 492 51
380 408 68
380 530 89
380 533 55
380 580 90
380 624 8
381 392 12
381 420 85
381 460 50
381 467 2
381 477 32
381 596 82
381 625 8
382 391 12
382 474 32
382 477 40
382 550 44
382 564 11
382 580 30
382 599 40
382 622 67
382 626 41
382 633 16
383 467 37
383 531 30
383 546 9
383 581 86
383 590 61
383 593 25
383 617 41
384 442 7
384 477 3
384 482 20
384 504 66
384 532 66
384 561 100
384 626 14
384 636 97
385 481 1
385 505 74
385 540 10
385 549 1
385 566 64
385 570 58
385 580 41
385 590 77
385 621 31
385 623 38
386 482 26
386 486 19
386 563 57
386 578 54
386 588 61
386 610 40
387 421 35
387 425 32
387 516 36
387 521 81
387 530 45
387 568 36
387 572 98
387 594 96
387 605 12
387 612 1
387 628 60
388 446 78
388 473 38
388 527 2
388 581 86
388 629 96
388 635 1
389 399 83
389 408 46
389 528 2
389 531 68
389 555 33
389 602 54
389 621 86
389 622 40
389 634 70
390 456 70
390 554 32
390 572 39
390 576 3
390 591 79
390 598 40
390 628 89
391 419 43
391 477 16
391 481 37
391 527 93
391 623 87
391 638 85
392 402 96
392 421 53
392 429 84
392 444 20
392 450 22
392 504 86
392 513 30
392 547 28
392 605 3
392 629 38
393 413 45
393 436 57
393 537 65
393 563 81
393 572 30
393 573 26
393 604 13
393 631 51
394 401 83
394 501 99
394 531 17
394 551 91
394 566 80
394 582 53
394 597 81
394 606 48
394 625 40
395 450 56
395 451 100
395 524 62
395 560 57
396 402 20
396 459 7
396 505 3
396 531 29
396 567 72
396 600 24
396 634 24
397 475 93
397 521 78
397 545 4
397 595 19
398 413 53
398 425 19
398 475 4
398 540 9
398 619 83
398 636 13
399 482 92
399 484 56
399 518 88
399 591 21
399 628 24
400 439 79
400 443 91
400 467 48
400 590 15
401 416 58
401 432 55
401 473 42
401 495 62
401 496 14
401 509 24
401 515 65
401 576 94
401 582 22
401 620 80
402 434 29
402 470 41
402 475 2
402 495 41
402 512 34
402 522 71
402 538 80
402 589 51
402 592 27
402 625 86
403 411 92
403 413 49
403 419 86
403 452 8
403 483 59
403 506 13
403 537 16
403 599 68
403 605 55
403 621 95
403 630 24
404 518 2
404 537 6
404 581 95
404 625 91
405 419 86
405 422 75
405 434 98
405 506 45
405 507 55
405 523 38
405 570 99
405 613 62
406 449 36
406 450 54
406 471 65
406 491 38
406 509 28
406 544 11
406 557 83
406 593 13
406 596 6
406 638 57
407 463 29
407 464 83
407 489 46
407 499 1
407 509 74
407 582 22
407 593 60
407 610 74
407 627 21
408 421 22
408 425 65
408 445 30
408 512 34
408 595 81
408 625 59
409 452 56
409 457 73
409 468 50
409 496 50
409 533 44
409 586 100
410 443 66
410 486 30
410 491 42
410 518 73
410 520 30
410 529 40
410 530 64
410 562 49
410 565 43
410 572 31
410 583 58
410 605 19
410 609 80
411 441 22
411 490 5
411 541 45
412 447 5
412 490 19
412 512 3
412 555 86
412 573 68
412 632 37
413 432 73
413 456 31
413 469 85
413 478 54
413 506 85
413 603 1
413 618 22
414 464 26
414 487 50
414 512 97
414 555 5
415 566 62
415 568 90
415 582 8
415 606 80
416 434 66
416 456 8
416 470 82
416 546 64
416 583 94
416 603 38
416 623 26
416 635 33
416 0 84
417 431 65
417 442 22
417 450 61
417 480 22
417 502 11
417 633 40
418 427 98
418 501 70
418 509 59
418 538 97
418 549 38
418 566 1
418 622 50
418 636 83
418 0 54
419 446 75
419 467 63
419 473 83
419 512 32
419 536 75
419 537 58
419 552 69
419 558 83
419 622 57
420 424 72
420 512 71
420 518 33
420 573 24
420 626 47
421 423 9
421 425 60
421 442 32
421 450 45
421 492 23
421 538 19
421 576 58
421 589 96
421 619 4
421 622 49
422 444 52
422 485 88
422 487 41
422 501 98
422 525 45
422 533 67
422 593 39
422 632 43
423 427 22
423 514 23
423 531 19
423 541 78
423 608 21
424 427 34
424 510 39
424 529 35
424 576 96
424 625 6
425 478 28
425 591 91
425 595 19
425 621 50
426 497 76
426 546 11
426 556 39
426 558 68
426 569 16
426 578 16
426 585 28
427 432 31
427 481 41
427 616 74
428 503 34
428 550 57
428 579 75
428 580 59
428 604 52
428 605 72
429 445 21
429 455 49
429 543 47
429 629 94
429 637 16
430 436 44
430 443 18
430 526 26
430 538 77
430 558 54
430 578 46
430 609 85
430 614 99
431 435 66
431 436 36
431 446 57
431 471 36
431 472 20
431 475 62
431 520 87
431 534 25
431 540 47
431 593 100
432 475 67
432 479 29
432 515 57
432 522 5
432 567 1
432 575 19
433 496 55
433 497 55
433 505 12
433 530 43
433 568 32
433 576 12
433 619 78
434 439 90
434 458 40
434 480 69
434 523 84
434 525 20
434 557 54
434 623 76
435 442 49
435 448 90
435 471 10
435 476 84
435 489 12
435 496 5
435 537 50
435 545 84
435 607 77
436 458 77
436 459 89
436 486 82
436 572 40
436 614 58
437 465 61
437 498 13
437 503 74
437 530 76
437 634 46
438 545 22
438 557 19
438 573 3
439 442 19
439 463 20
439 515 25
439 605 53
440 473 41
440 486 88
440 491 84
440 531 46
440 539 25
440 551 10
440 558 82
440 595 39
440 632 32
441 446 16
441 486 32
441 538 13
441 574 99
441 578 75
441 629 23
441 634 53
442 454 25
442 471 32
442 481 35
442 615 56
442 622 90
443 487 39
443 501 29
443 551 81
443 559 8
443 587 94
443 595 11
444 461 51
444 472 73
444 476 6
444 479 31
444 482 64
444 486 99
444 514 18
444 571 38
444 575 14
445 473 36
445 527 10
445 603 55
445 604 4
446 461 93
446 467 21
446 469 48
446 490 12
446 503 41
446 529 45
447 536 47
447 546 71
447 584 37
447 612 10
448 496 34
448 513 19
448 529 58
448 587 81
448 622 94
449 473 10
449 490 62
449 509 10
449 537 29
449 584 58
449 611 69
449 612 60
449 633 48
450 483 73
450 573 7
450 574 58
450 587 17
450 610 63
451 494 41
451 496 62
451 518 48
451 600 21
451 601 79
452 471 71
452 497 22
452 503 6
452 508 38
452 525 25
452 554 100
452 597 29
452 606 13
453 497 86
453 498 96
453 503 3
453 545 55
453 557 35
453 562 68
453 574 12
453 629 41
453 634 45
454 482 20
454 538 75
454 604 29
454 624 74
454 639 14
455 475 27
455 491 35
455 550 39
455 560 89
455 561 18
455 635 68
456 478 46
456 506 41
456 536 30
456 554 75
456 568 43
456 631 29
457 464 99
457 472 97
457 498 50
457 518 56
457 537 40
457 571 14
457 586 91
457 599 55
458 473 23
458 482 50
458 518 11
458 555 76
458 562 78
458 587 8
458 604 4
458 629 65
458 631 43
459 463 62
459 467 9
459 564 38
459 590 98
459 603 41
460 496 12
460 503 65
460 592 59
460 611 79
460 639 36
461 490 5
461 521 99
461 562 12
461 578 16
461 585 74
461 590 3
461 637 46
461 638 55
462 528 71
462 580 85
463 474 42
463 480 9
463 529 84
463 531 27
463 569 49
463 596 69
463 605 34
464 492 19
464 542 86
464 543 20
465 471 98
465 555 64
465 614 41
465 628 40
466 474 5
466 503 99
466 510 31
466 521 51
466 539 28
466 565 40
466 578 49
466 586 79
466 635 99
467 476 48
467 490 63
467 493 15
467 567 90
467 608 15
467 616 42
468 514 35
468 545 100
468 565 85
469 497 57
469 599 42
469 614 23
470 498 51
470 515 98
470 605 65
470 609 81
471 516 88
471 543 40
471 550 88
471 551 26
471 552 50
471 599 1
471 600 73
471 615 16
471 624 21
471 637 27
472 507 32
472 519 87
472 524 92
472 592 8
472 598 44
472 630 11
473 488 18
473 510 48
473 577 3
473 592 92
473 606 37
473 613 97
473 618 39
473 637 4
474 574 18
474 575 33
474 639 5
475 494 52
475 496 91
475 597 9
475 608 28
476 506 80
476 520 9
476 615 72
476 630 57
476 639 93
477 492 39
477 504 13
477 505 15
477 511 58
477 514 34
477 532 76
477 547 75
477 568 54
477 573 21
478 510 71
478 571 83
478 593 44
479 500 56
479 567 47
479 591 31
479 603 1
479 612 91
480 517 26
480 529 46
480 581 32
481 484 31
481 505 58
481 510 63
481 514 99
481 534 94
481 539 65
481 545 58
481 593 44
482 514 15
482 528 65
482 568 12
482 602 79
483 499 91
483 587 35
483 595 47
483 602 88
483 604 20
483 635 47
483 637 55
484 568 71
484 578 17
485 501 73
485 538 82
485 556 36
485 561 32
485 581 52
485 617 33
486 565 20
486 588 80
487 517 38
487 539 91
487 561 2
487 630 84
487 638 64
488 536 63
488 547 99
488 561 4
488 597 73
488 615 93
488 626 94
488 629 85
489 490 33
489 492 79
489 498 52
489 528 25
489 537 13
489 557 25
489 568 19
489 573 16
489 610 68
490 518 94
490 546 33
490 615 71
490 633 1
490 635 73
491 537 70
491 597 36
491 618 58
492 497 59
492 503 40
492 513 69
492 554 93
493 575 98
493 594 11
494 571 35
494 572 23
494 579 78
494 628 98
495 510 35
495 590 72
495 615 14
495 622 17
495 627 88
496 567 5
497 518 85
497 579 34
497 580 19
497 620 26
497 623 28
497 630 22
498 570 93
498 590 72
498 631 38
498 633 97
498 639 87
499 615 43
499 626 12
500 573 4
500 585 99
500 628 29
501 514 63
502 524 89
502 545 92
502 597 5
502 629 100
503 529 93
503 575 70
503 599 47
504 547 85
505 509 27
505 577 89
505 583 70
506 526 98
506 610 28
506 636 56
507 510 19
507 523 25
507 530 100
507 535 6
507 559 32
507 573 26
507 588 61
507 602 71
508 517 27
508 610 60
508 629 60
508 632 93
509 541 92
509 633 50
510 526 78
510 578 43
510 586 55
511 526 9
511 542 25
511 589 53
511 628 93
511 630 74
512 539 16
512 584 32
512 594 72
513 525 81
513 560 29
513 561 88
513 563 75
513 587 46
513 591 33
513 603 5
513 627 95
513 0 30
514 524 6
514 561 43
514 578 21
514 605 65
515 524 29
515 537 57
515 551 40
515 556 90
515 572 7
515 575 49
515 580 68
515 586 59
516 535 85
516 561 20
516 611 33
517 530 42
517 541 73
517 562 23
517 627 96
518 554 19
518 558 5
518 565 82
518 618 14
518 629 50
519 567 35
519 609 44
520 525 19
520 550 84
520 555 94
520 579 6
520 584 58
520 586 88
520 609 58
520 625 51
520 635 93
520 0 67
522 618 36
523 611 68
523 630 69
524 569 69
524 612 87
525 540 5
525 566 26
525 587 48
526 527 78
526 541 68
526 559 71
526 566 48
526 594 17
526 595 7
527 538 19
527 612 79
528 548 23
528 568 44
528 612 46
529 587 91
529 608 9
530 546 11
530 547 47
530 605 64
530 638 32
531 553 84
531 588 84
532 540 30
532 555 4
532 558 71
532 584 83
532 593 35
532 609 20
532 618 64
533 547 86
533 608 46
533 628 75
534 603 51
534 612 99
535 564 61
535 570 53
535 581 64
535 583 7
535 595 46
535 619 63
535 624 70
536 542 24
536 632 92
537 584 52
537 594 47
537 635 60
538 557 63
538 562 8
538 585 10
539 585 1
539 610 70
540 560 68
540 591 99
542 543 90
542 558 87
543 625 100
545 585 58
545 587 65
545 619 94
545 620 62
545 0 42
546 548 52
546 563 32
546 573 52
546 596 50
546 601 83
547 602 83
547 622 89
547 634 27
548 581 39
548 595 51
548 612 5
548 624 48
548 0 73
549 551 18
549 561 49
549 565 77
549 593 77
549 633 40
549 637 40
550 553 67
550 565 79
550 573 37
550 624 7
551 570 7
552 562 46
552 563 28
552 564 93
552 590 52
552 608 38
552 0 72
553 580 38
554 593 31
554 617 98
555 621 53
555 639 64
557 590 33
557 613 65
558 561 15
558 592 44
558 619 41
559 569 55
559 570 14
559 595 51
559 603 11
559 610 20
560 598 74
560 617 82
560 637 45
561 579 9
561 616 70
562 600 43
563 607 23
563 615 40
563 617 64
564 581 6
565 601 23
565 613 96
566 578 46
566 636 1
567 581 5
567 585 100
567 595 31
567 604 55
568 591 35
568 601 7
569 573 20
569 631 81
570 598 26
571 576 61
573 592 19
573 613 44
574 581 7
574 593 14
574 628 65
575 579 94
576 584 70
576 633 82
576 634 10
577 586 9
577 602 21
577 612 9
577 615 47
578 584 76
578 628 34
578 639 50
579 612 47
579 628 9
581 631 30
581 633 35
582 637 91
583 635 45
584 593 2
584 600 63
585 605 55
586 597 6
587 624 6
588 608 89
588 616 80
588 637 69
589 603 91
590 624 24
591 597 44
593 616 49
594 621 56
595 601 42
596 609 48
596 639 61
597 598 25
597 600 86
597 633 98
598 606 27
598 625 15
598 627 89
598 629 54
598 631 52
598 639 84
599 634 30
599 638 65
600 637 44
601 604 62
602 631 69
604 623 55
605 618 60
605 630 18
608 636 77
610 616 20
615 624 67
618 620 45
618 630 60
618 633 79
621 622 63
624 635 50
625 634 66
627 637 40
630 638 90
635 636 25
635 0 29
637 639 100
