32
63 
31 30 65
30 29 66
29 28 67
28 27 68
27 26 69
26 25 70
25 24 71
24 23 72
23 22 73
22 21 74
21 20 75
20 19 76
19 18 77
18 17 78
17 16 79
16 15 80
15 14 81
14 13 82
13 12 83
12 11 84
11 10 85
10 9 86
9 8 87
8 7 88
7 6 89
6 5 90
5 4 91
4 3 92
3 2 93
2 1 94
1 0 95
24 11 57
2 1 43
26 31 58
16 10 8
27 25 25
6 30 16
22 12 51
21 28 20
9 25 63
19 1 18
12 22 62
4 29 3
20 12 59
12 5 40
17 19 10
8 30 38
9 19 45
20 21 47
30 9 9
14 22 4
10 9 32
2 21 5
4 3 39
10 3 11
7 11 7
25 30 24
14 6 61
11 2 15
23 21 42
3 2 30
4 11 27
8 23 6

